 
img   UT         x        y      r  insky outsky     sky         mag         err    fwhm
 
  0 -0.7965 I  1839.2  1302.8   6.8  11.8  21.8    17.8695      8.9504     0.0011   3.84
  1 -0.7726 I  1840.1  1308.0   6.8  11.8  21.8    17.8499      8.9404     0.0011   3.34
  2 -0.7471 I  1839.9  1308.2   6.8  11.8  21.8    17.8694      8.9032     0.0011   3.41
  3 -0.7334 I  1839.7  1310.0   6.8  11.8  21.8    17.8617      8.8761     0.0011   3.44
  4 -0.7194 I  1839.7  1313.5   6.8  11.8  21.8    17.8847      8.9215     0.0011   3.34
  5 -0.2495 I  1839.7  1307.7   6.8  11.8  21.8    17.8860      8.9093     0.0011   3.37
  6 -0.2358 I  1840.1  1307.3   6.8  11.8  21.8    17.8996      8.9143     0.0011   3.30
  7 -0.2222 I  1840.1  1307.4   6.8  11.8  21.8    17.8937      8.9193     0.0011   3.24
  8 -0.2085 I  1839.6  1307.1   6.8  11.8  21.8    17.9076      8.9181     0.0011   3.47
  9 -0.1949 I  1840.1  1307.2   6.8  11.8  21.8    17.8909      8.9222     0.0011   3.47
 10 -0.1813 I  1839.9  1307.8   6.8  11.8  21.8    17.8875      8.9141     0.0011   3.14
 11 -0.1677 I  1840.2  1306.7   6.8  11.8  21.8    17.8883      8.9099     0.0011   3.37
 12 -0.1538 I  1839.5  1307.1   6.8  11.8  21.8    17.8930      8.9196     0.0011   3.64
 13 -0.1402 I  1839.6  1306.7   6.8  11.8  21.8    17.8974      8.9191     0.0011   3.71
 14 -0.1266 I  1840.6  1306.9   6.8  11.8  21.8    17.8887      8.9209     0.0011   3.54
 15 -0.1122 I  1839.6  1308.6   6.8  11.8  21.8    17.8814      8.8945     0.0011   3.67
 16 -0.0985 I  1840.3  1307.2   6.8  11.8  21.8    17.8908      8.9145     0.0011   3.81
 17 -0.0848 I  1839.8  1307.3   6.8  11.8  21.8    17.8912      8.9183     0.0011   3.61
 18 -0.0713 I  1839.8  1306.8   6.8  11.8  21.8    17.8867      8.9224     0.0011   3.34
 19 -0.0578 I  1839.1  1307.3   6.8  11.8  21.8    17.9001      8.9190     0.0011   3.51
 20 -0.0442 I  1840.1  1308.0   6.8  11.8  21.8    17.8863      8.9049     0.0011   3.84
 21 -0.0305 I  1840.0  1306.9   6.8  11.8  21.8    17.8863      8.9166     0.0011   4.15
 22 -0.0169 I  1839.7  1307.2   6.8  11.8  21.8    17.9119      8.9191     0.0011   3.51
 23 -0.0033 I  1840.0  1307.1   6.8  11.8  21.8    17.8920      8.9220     0.0011   3.44
 24  0.0103 I  1839.8  1307.3   6.8  11.8  21.8    17.9093      8.9148     0.0011   3.30
 25  0.0242 I  1840.2  1307.5   6.8  11.8  21.8    17.9180      8.9091     0.0011   3.74
 26  0.0379 I  1839.6  1307.4   6.8  11.8  21.8    17.9097      8.9097     0.0011   3.24
 27  0.0515 I  1839.4  1307.2   6.8  11.8  21.8    17.8949      8.9192     0.0011   3.81
 28  0.0652 I  1839.9  1307.0   6.8  11.8  21.8    17.8914      8.9206     0.0011   3.41
 29  0.0788 I  1840.0  1307.8   6.8  11.8  21.8    17.8912      8.9097     0.0011   3.54
 30  0.0924 I  1840.0  1307.3   6.8  11.8  21.8    17.8971      8.9197     0.0011   3.51
 31  0.1197 I  1839.4  1306.7   6.8  11.8  21.8    17.8847      8.9171     0.0011   3.51
 32  0.1334 I  1840.0  1307.3   6.8  11.8  21.8    17.8865      8.9215     0.0011   3.34
 33  0.1470 I  1839.3  1307.4   6.8  11.8  21.8    17.8923      8.9198     0.0011   3.78
 34  0.1612 I  1839.6  1307.5   6.8  11.8  21.8    17.5992      9.7047     0.0017   3.24
 35  0.1749 I  1839.6  1307.3   6.8  11.8  21.8    17.6965      9.3079     0.0013   3.81
 36  0.1885 I  1839.7  1307.2   6.8  11.8  21.8    17.8300      9.0770     0.0012   3.74
 37  0.2021 I  1839.1  1307.0   6.8  11.8  21.8    17.8796      8.9652     0.0011   3.78
 38  0.2157 I  1839.7  1307.1   6.8  11.8  21.8    17.8925      8.9479     0.0011   3.41
 39  0.2294 I  1840.3  1307.2   6.8  11.8  21.8    17.8865      8.9267     0.0011   3.78
 40  0.2430 I  1840.1  1308.2   6.8  11.8  21.8    17.8580      8.9796     0.0011   3.91
 41  0.2568 I  1839.3  1307.1   6.8  11.8  21.8    17.5214     10.0654     0.0022   3.44
 42  0.2704 I  1839.0  1307.1   6.8  11.8  21.8    17.6917      9.5907     0.0016   3.71
 43  0.2840 I  1839.9  1307.1   6.8  11.8  21.8    17.8578      9.0116     0.0011   3.81
 44  0.2985 I  1840.4  1307.1   6.8  11.8  21.8    17.7959      9.1554     0.0012   3.34
 45  0.3121 I  1838.8  1307.4   6.8  11.8  21.8    17.6057      9.5728     0.0016   3.44
 46  0.5399 I  1839.7  1307.2   6.8  11.8  21.8    17.8669      8.9859     0.0011   3.47
 47  0.5536 I  1839.1  1307.7   6.8  11.8  21.8    17.7186      9.4459     0.0014   3.47
 48  0.6076 I  1840.7  1307.6   6.8  11.8  21.8    17.6824      9.5140     0.0015   3.47
 49  0.6213 I  1839.2  1307.4   6.8  11.8  21.8    17.8852      8.9334     0.0011   3.57
 50  0.6349 I  1839.4  1307.0   6.8  11.8  21.8    17.8871      8.9229     0.0011   3.71
 51  0.6486 I  1840.7  1307.5   6.8  11.8  21.8    17.9106      8.9078     0.0011   3.47
 52  0.6622 I  1839.8  1306.8   6.8  11.8  21.8    17.9244      8.9178     0.0011   3.14
 53  0.6758 I  1839.5  1307.5   6.8  11.8  21.8    17.9118      8.9167     0.0011   2.93
 54  0.6895 I  1839.2  1307.6   6.8  11.8  21.8    17.9138      8.9134     0.0011   3.64
 55  0.7031 I  1839.4  1307.1   6.8  11.8  21.8    17.8974      8.9165     0.0011   3.57
 56  0.7167 I  1840.0  1307.0   6.8  11.8  21.8    17.9199      8.9166     0.0011   3.41
 57  0.7306 I  1839.4  1307.3   6.8  11.8  21.8    17.9294      8.9167     0.0011   3.64
 58  0.7442 I  1839.6  1307.8   6.8  11.8  21.8    17.9031      8.9063     0.0011   3.41
 59  0.7579 I  1839.6  1307.8   6.8  11.8  21.8    17.9206      8.9061     0.0011   3.47
 60  0.7715 I  1839.6  1307.3   6.8  11.8  21.8    17.9038      8.9161     0.0011   3.81
 61  0.7851 I  1839.4  1307.3   6.8  11.8  21.8    17.9135      8.9056     0.0011   3.47
 62  0.7988 I  1839.7  1307.7   6.8  11.8  21.8    17.9014      8.9102     0.0011   3.71
 63  0.8125 I  1839.2  1307.0   6.8  11.8  21.8    17.9069      8.9126     0.0011   3.47
 64  0.8261 I  1839.9  1308.0   6.8  11.8  21.8    17.9221      8.9023     0.0011   3.44
 65  0.8398 I  1839.1  1307.5   6.8  11.8  21.8    17.9197      8.9214     0.0011   3.30
 66  0.8534 I  1839.2  1307.0   6.8  11.8  21.8    17.9213      8.9220     0.0011   3.47
 67  0.8701 I  1839.5  1307.5   6.8  11.8  21.8    17.9259      8.9152     0.0011   3.30
 68  0.8837 I  1839.1  1307.6   6.8  11.8  21.8    17.9007      8.9135     0.0011   3.64
 69  0.8974 I  1839.3  1307.0   6.8  11.8  21.8    17.9031      8.9142     0.0011   3.20
 70  0.9110 I  1839.3  1308.2   6.8  11.8  21.8    17.9021      8.8998     0.0011   3.88
 71  0.9247 I  1839.8  1307.4   6.8  11.8  21.8    17.9183      8.9069     0.0011   3.54
 72  0.9383 I  1839.1  1307.0   6.8  11.8  21.8    17.9058      8.9172     0.0011   3.24
 73  0.9519 I  1839.5  1307.9   6.8  11.8  21.8    17.9135      8.9008     0.0011   3.41
 74  0.9657 I  1839.0  1306.7   6.8  11.8  21.8    17.9125      8.9133     0.0011   3.47
 75  0.9794 I  1839.7  1307.6   6.8  11.8  21.8    17.9097      8.9086     0.0011   3.51
 76  0.9930 I  1839.3  1306.5   6.8  11.8  21.8    17.9117      8.9226     0.0011   3.54
 77  1.0091 I  1839.7  1307.3   6.8  11.8  21.8    17.9093      8.9261     0.0011   3.37
 78  1.0227 I  1839.7  1308.0   6.8  11.8  21.8    17.9143      8.9089     0.0011   3.37
 79  1.0364 I  1840.0  1307.2   6.8  11.8  21.8    17.9018      8.9172     0.0011   3.54
 80  1.0500 I  1839.6  1306.9   6.8  11.8  21.8    17.9171      8.9218     0.0011   4.48
 81  1.0637 I  1839.3  1307.5   6.8  11.8  21.8    17.9231      8.9050     0.0011   3.61
 82  1.0774 I  1839.8  1307.7   6.8  11.8  21.8    17.9129      8.9150     0.0011   3.44
 83  1.0910 I  1839.6  1307.4   6.8  11.8  21.8    17.9004      8.9152     0.0011   3.20
 84  1.1046 I  1839.4  1307.7   6.8  11.8  21.8    17.9058      8.9099     0.0011   3.20
 85  1.1183 I  1839.9  1307.0   6.8  11.8  21.8    17.9169      8.9218     0.0011   3.41
 86  1.1320 I  1839.8  1307.3   6.8  11.8  21.8    17.9370      8.9136     0.0011   3.37
 87  1.1472 I  1840.0  1307.4   6.8  11.8  21.8    17.9350      8.9170     0.0011   3.51
 88  1.1609 I  1839.4  1306.9   6.8  11.8  21.8    17.9118      8.9227     0.0011   3.24
 89  1.1745 I  1840.0  1308.3   6.8  11.8  21.8    17.9204      8.9056     0.0011   3.78
 90  1.1882 I  1840.0  1307.2   6.8  11.8  21.8    17.9075      8.9087     0.0011   3.67
 91  1.2019 I  1839.2  1307.8   6.8  11.8  21.8    17.9108      8.9191     0.0011   3.98
 92  1.2155 I  1840.1  1307.7   6.8  11.8  21.8    17.9144      8.9241     0.0011   3.27
 93  1.2291 I  1839.6  1307.1   6.8  11.8  21.8    17.9117      8.9190     0.0011   3.27
 94  1.2427 I  1839.9  1307.2   6.8  11.8  21.8    17.9145      8.9234     0.0011   3.81
 95  1.2564 I  1839.8  1307.0   6.8  11.8  21.8    17.9271      8.9300     0.0011   3.44
 96  1.2700 I  1839.3  1307.4   6.8  11.8  21.8    17.9200      8.9115     0.0011   3.61
 97  1.2897 I  1839.0  1308.1   6.8  11.8  21.8    17.9028      8.9196     0.0011   3.61
 98  1.3034 I  1839.6  1307.3   6.8  11.8  21.8    17.9148      8.9273     0.0011   3.61
 99  1.3170 I  1840.0  1307.2   6.8  11.8  21.8    17.9038      8.9263     0.0011   3.78
100  1.3306 I  1839.7  1307.2   6.8  11.8  21.8    17.9302      8.9241     0.0011   4.01
101  1.3443 I  1839.1  1307.4   6.8  11.8  21.8    17.9235      8.9181     0.0011   3.54
102  1.3579 I  1839.7  1308.3   6.8  11.8  21.8    17.9084      8.9041     0.0011   3.78
103  1.3716 I  1839.3  1307.1   6.8  11.8  21.8    17.9054      8.9221     0.0011   3.67
104  1.3852 I  1839.4  1307.3   6.8  11.8  21.8    17.9063      8.9188     0.0011   3.64
105  1.3989 I  1839.4  1307.3   6.8  11.8  21.8    17.9176      8.9189     0.0011   3.61
106  1.4125 I  1839.5  1307.1   6.8  11.8  21.8    17.9285      8.9199     0.0011   3.67
107  1.4297 I  1839.0  1307.3   6.8  11.8  21.8    17.9010      8.9214     0.0011   3.54
108  1.4433 I  1839.5  1308.0   6.8  11.8  21.8    17.9030      8.9072     0.0011   3.78
109  1.4570 I  1839.4  1306.7   6.8  11.8  21.8    17.9112      8.9327     0.0011   3.37
110  1.4706 I  1839.3  1307.5   6.8  11.8  21.8    17.9111      8.9199     0.0011   3.61
111  1.4843 I  1840.5  1308.0   6.8  11.8  21.8    17.8960      8.9155     0.0011   3.57
112  1.4979 I  1839.4  1307.3   6.8  11.8  21.8    17.8984      8.9292     0.0011   3.88
113  1.5116 I  1839.7  1307.7   6.8  11.8  21.8    17.9021      8.9176     0.0011   3.24
114  1.5253 I  1839.8  1306.3   6.8  11.8  21.8    17.8831      8.9373     0.0011   4.35
115  1.5390 I  1839.7  1307.7   6.8  11.8  21.8    17.9002      8.9246     0.0011   4.04
116  1.5526 I  1838.8  1307.6   6.8  11.8  21.8    17.9083      8.9152     0.0011   3.47
117  1.5684 I  1839.3  1306.6   6.8  11.8  21.8    17.8908      8.9321     0.0011   3.94
118  1.5820 I  1839.8  1307.5   6.8  11.8  21.8    17.9017      8.9253     0.0011   3.47
119  1.5956 I  1840.0  1307.8   6.8  11.8  21.8    17.9085      8.9188     0.0011   3.74
120  1.6093 I  1839.6  1306.7   6.8  11.8  21.8    17.9042      8.9285     0.0011   3.57
121  1.6230 I  1839.1  1308.3   6.8  11.8  21.8    17.9141      8.9080     0.0011   3.88
122  1.6367 I  1840.0  1307.2   6.8  11.8  21.8    17.9030      8.9332     0.0011   3.51
123  1.6504 I  1838.9  1306.7   6.8  11.8  21.8    17.9109      8.9284     0.0011   3.51
124  1.6640 I  1839.4  1307.2   6.8  11.8  21.8    17.9175      8.9211     0.0011   3.94
125  1.6777 I  1839.2  1307.3   6.8  11.8  21.8    17.9115      8.9257     0.0011   3.47
126  1.6914 I  1839.6  1307.0   6.8  11.8  21.8    17.9030      8.9212     0.0011   3.78
