 
img   UT         x        y      r  insky outsky     sky         mag         err    fwhm
 
  0 -0.7965 I  1285.9  1089.1   8.0  13.0  23.0    17.9088      8.5665     0.0009   3.65
  1 -0.7726 I  1286.7  1094.3   8.0  13.0  23.0    17.9145      8.5705     0.0009   3.42
  2 -0.7471 I  1286.7  1094.6   8.0  13.0  23.0    17.9173      8.5366     0.0009   3.52
  3 -0.7334 I  1286.4  1096.3   8.0  13.0  23.0    17.9142      8.5070     0.0009   3.82
  4 -0.7194 I  1286.5  1099.8   8.0  13.0  23.0    17.9300      8.5552     0.0009   3.45
  5 -0.2495 I  1286.5  1094.0   8.0  13.0  23.0    17.9380      8.5573     0.0009   3.59
  6 -0.2358 I  1286.9  1093.6   8.0  13.0  23.0    17.9355      8.5648     0.0009   3.35
  7 -0.2222 I  1286.9  1093.7   8.0  13.0  23.0    17.9407      8.5656     0.0009   3.38
  8 -0.2085 I  1286.4  1093.4   8.0  13.0  23.0    17.9358      8.5671     0.0009   3.72
  9 -0.1949 I  1286.8  1093.5   8.0  13.0  23.0    17.9319      8.5685     0.0009   3.35
 10 -0.1813 I  1286.7  1094.1   8.0  13.0  23.0    17.9568      8.5627     0.0009   3.38
 11 -0.1677 I  1287.0  1092.9   8.0  13.0  23.0    17.9351      8.5642     0.0009   3.59
 12 -0.1538 I  1286.4  1093.4   8.0  13.0  23.0    17.9393      8.5684     0.0009   3.89
 13 -0.1402 I  1286.4  1093.0   8.0  13.0  23.0    17.9377      8.5771     0.0009   3.62
 14 -0.1266 I  1287.4  1093.2   8.0  13.0  23.0    17.9539      8.5740     0.0009   3.42
 15 -0.1122 I  1286.5  1094.9   8.0  13.0  23.0    17.9467      8.5541     0.0009   3.82
 16 -0.0985 I  1287.1  1093.4   8.0  13.0  23.0    17.9501      8.5767     0.0009   3.65
 17 -0.0848 I  1286.6  1093.6   8.0  13.0  23.0    17.9327      8.5757     0.0009   3.21
 18 -0.0713 I  1286.6  1093.0   8.0  13.0  23.0    17.9446      8.5746     0.0009   3.52
 19 -0.0578 I  1285.9  1093.6   8.0  13.0  23.0    17.9202      8.5724     0.0009   3.65
 20 -0.0442 I  1286.9  1094.3   8.0  13.0  23.0    17.9370      8.5585     0.0009   3.89
 21 -0.0305 I  1286.8  1093.2   8.0  13.0  23.0    17.9403      8.5715     0.0009   4.19
 22 -0.0169 I  1286.5  1093.5   8.0  13.0  23.0    17.9499      8.5720     0.0009   3.48
 23 -0.0033 I  1286.6  1093.3   8.0  13.0  23.0    17.9532      8.5770     0.0009   3.79
 24  0.0103 I  1286.6  1093.6   8.0  13.0  23.0    17.9418      8.5772     0.0009   3.11
 25  0.0242 I  1287.1  1093.8   8.0  13.0  23.0    17.9403      8.5644     0.0009   3.72
 26  0.0379 I  1286.4  1093.7   8.0  13.0  23.0    17.9369      8.5709     0.0009   3.45
 27  0.0515 I  1286.1  1093.5   8.0  13.0  23.0    17.9347      8.5737     0.0009   3.89
 28  0.0652 I  1286.6  1093.2   8.0  13.0  23.0    17.9393      8.5748     0.0009   3.55
 29  0.0788 I  1286.8  1094.0   8.0  13.0  23.0    17.9461      8.5660     0.0009   3.62
 30  0.0924 I  1286.9  1093.6   8.0  13.0  23.0    17.9280      8.5781     0.0009   3.65
 31  0.1197 I  1286.2  1092.9   8.0  13.0  23.0    17.9288      8.5778     0.0009   3.82
 32  0.1334 I  1286.9  1093.6   8.0  13.0  23.0    17.9402      8.5814     0.0009   3.48
 33  0.1470 I  1286.2  1093.6   8.0  13.0  23.0    17.9263      8.5831     0.0009   3.75
 34  0.1612 I  1286.4  1093.8   8.0  13.0  23.0    17.6416      9.3324     0.0014   3.65
 35  0.1749 I  1286.5  1093.6   8.0  13.0  23.0    17.7375      8.9800     0.0012   3.45
 36  0.1885 I  1286.6  1093.4   8.0  13.0  23.0    17.8618      8.7518     0.0010   3.42
 37  0.2021 I  1285.9  1093.3   8.0  13.0  23.0    17.9237      8.6391     0.0010   3.75
 38  0.2157 I  1286.6  1093.3   8.0  13.0  23.0    17.9317      8.6091     0.0009   3.82
 39  0.2294 I  1287.2  1093.5   8.0  13.0  23.0    17.9532      8.5751     0.0009   3.75
 40  0.2430 I  1286.9  1094.4   8.0  13.0  23.0    17.8898      8.6498     0.0010   3.79
 41  0.2568 I  1286.2  1093.4   8.0  13.0  23.0    17.5424      9.7997     0.0019   3.35
 42  0.2704 I  1285.9  1093.3   8.0  13.0  23.0    17.7024      9.3270     0.0014   3.52
 43  0.2840 I  1286.8  1093.4   8.0  13.0  23.0    17.9129      8.6768     0.0010   3.69
 44  0.2985 I  1287.2  1093.4   8.0  13.0  23.0    17.8187      8.8005     0.0010   3.62
 45  0.3121 I  1285.6  1093.6   8.0  13.0  23.0    17.6427      9.2788     0.0014   3.28
 46  0.5399 I  1286.6  1093.4   8.0  13.0  23.0    17.9104      8.6327     0.0009   3.21
 47  0.5536 I  1286.0  1093.9   8.0  13.0  23.0    17.7437      9.1353     0.0013   3.59
 48  0.6076 I  1287.5  1093.8   8.0  13.0  23.0    17.7090      9.1647     0.0013   3.59
 49  0.6213 I  1286.0  1093.6   8.0  13.0  23.0    17.9269      8.5980     0.0009   3.65
 50  0.6349 I  1286.4  1093.2   8.0  13.0  23.0    17.9240      8.5736     0.0009   4.06
 51  0.6486 I  1287.6  1093.7   8.0  13.0  23.0    17.9504      8.5673     0.0009   3.69
 52  0.6622 I  1286.7  1093.0   8.0  13.0  23.0    17.9746      8.5810     0.0009   3.25
 53  0.6758 I  1286.5  1093.6   8.0  13.0  23.0    17.9608      8.5825     0.0009   3.01
 54  0.6895 I  1285.9  1093.7   8.0  13.0  23.0    17.9628      8.5680     0.0009   3.48
 55  0.7031 I  1286.2  1093.3   8.0  13.0  23.0    17.9520      8.5767     0.0009   3.89
 56  0.7167 I  1286.9  1093.1   8.0  13.0  23.0    17.9723      8.5770     0.0009   3.45
 57  0.7306 I  1286.4  1093.5   8.0  13.0  23.0    17.9702      8.5743     0.0009   3.62
 58  0.7442 I  1286.6  1094.0   8.0  13.0  23.0    17.9472      8.5672     0.0009   3.59
 59  0.7579 I  1286.5  1094.0   8.0  13.0  23.0    17.9500      8.5692     0.0009   3.62
 60  0.7715 I  1286.5  1093.4   8.0  13.0  23.0    17.9649      8.5726     0.0009   3.65
 61  0.7851 I  1286.4  1093.5   8.0  13.0  23.0    17.9464      8.5683     0.0009   3.65
 62  0.7988 I  1286.6  1093.9   8.0  13.0  23.0    17.9716      8.5635     0.0009   3.86
 63  0.8125 I  1286.1  1093.2   8.0  13.0  23.0    17.9494      8.5730     0.0009   3.69
 64  0.8261 I  1286.7  1094.2   8.0  13.0  23.0    17.9527      8.5679     0.0009   3.55
 65  0.8398 I  1285.9  1093.7   8.0  13.0  23.0    17.9640      8.5737     0.0009   3.52
 66  0.8534 I  1286.0  1093.1   8.0  13.0  23.0    17.9716      8.5769     0.0009   3.65
 67  0.8701 I  1286.3  1093.7   8.0  13.0  23.0    17.9586      8.5774     0.0009   3.52
 68  0.8837 I  1286.0  1093.8   8.0  13.0  23.0    17.9376      8.5644     0.0009   3.69
 69  0.8974 I  1286.2  1093.1   8.0  13.0  23.0    17.9689      8.5710     0.0009   3.55
 70  0.9110 I  1286.1  1094.3   8.0  13.0  23.0    17.9725      8.5536     0.0009   4.09
 71  0.9247 I  1286.8  1093.6   8.0  13.0  23.0    17.9435      8.5693     0.0009   3.75
 72  0.9383 I  1286.2  1093.1   8.0  13.0  23.0    17.9564      8.5754     0.0009   3.52
 73  0.9519 I  1286.4  1094.1   8.0  13.0  23.0    17.9699      8.5625     0.0009   3.48
 74  0.9657 I  1285.8  1092.8   8.0  13.0  23.0    17.9621      8.5629     0.0009   3.62
 75  0.9794 I  1286.7  1093.8   8.0  13.0  23.0    17.9734      8.5596     0.0009   3.72
 76  0.9930 I  1286.0  1092.7   8.0  13.0  23.0    17.9742      8.5713     0.0009   3.55
 77  1.0091 I  1286.6  1093.5   8.0  13.0  23.0    17.9562      8.5694     0.0009   3.11
 78  1.0227 I  1286.5  1094.2   8.0  13.0  23.0    17.9633      8.5590     0.0009   3.52
 79  1.0364 I  1286.8  1093.4   8.0  13.0  23.0    17.9720      8.5663     0.0009   3.48
 80  1.0500 I  1286.5  1093.1   8.0  13.0  23.0    17.9521      8.5498     0.0009   4.43
 81  1.0637 I  1286.1  1093.6   8.0  13.0  23.0    17.9541      8.5554     0.0009   3.75
 82  1.0774 I  1286.7  1093.8   8.0  13.0  23.0    17.9709      8.5608     0.0009   3.35
 83  1.0910 I  1286.5  1093.6   8.0  13.0  23.0    17.9658      8.5563     0.0009   3.25
 84  1.1046 I  1286.2  1093.9   8.0  13.0  23.0    17.9467      8.5560     0.0009   3.52
 85  1.1183 I  1286.8  1093.2   8.0  13.0  23.0    17.9776      8.5664     0.0009   3.62
 86  1.1320 I  1286.7  1093.5   8.0  13.0  23.0    17.9819      8.5592     0.0009   3.42
 87  1.1472 I  1286.9  1093.5   8.0  13.0  23.0    17.9629      8.5569     0.0009   3.59
 88  1.1609 I  1286.3  1093.1   8.0  13.0  23.0    17.9719      8.5633     0.0009   3.55
 89  1.1745 I  1286.9  1094.5   8.0  13.0  23.0    17.9501      8.5364     0.0009   3.99
 90  1.1882 I  1286.9  1093.3   8.0  13.0  23.0    17.9652      8.5488     0.0009   3.65
 91  1.2019 I  1286.0  1093.9   8.0  13.0  23.0    17.9583      8.5525     0.0009   3.92
 92  1.2155 I  1286.9  1093.9   8.0  13.0  23.0    17.9770      8.5622     0.0009   3.35
 93  1.2291 I  1286.5  1093.2   8.0  13.0  23.0    17.9682      8.5601     0.0009   3.42
 94  1.2427 I  1286.8  1093.3   8.0  13.0  23.0    17.9691      8.5565     0.0009   3.79
 95  1.2564 I  1286.6  1093.2   8.0  13.0  23.0    17.9514      8.5598     0.0009   3.86
 96  1.2700 I  1286.2  1093.6   8.0  13.0  23.0    17.9701      8.5459     0.0009   3.65
 97  1.2897 I  1285.8  1094.2   8.0  13.0  23.0    17.9462      8.5441     0.0009   3.69
 98  1.3034 I  1286.5  1093.4   8.0  13.0  23.0    17.9508      8.5581     0.0009   3.59
 99  1.3170 I  1287.0  1093.4   8.0  13.0  23.0    17.9658      8.5484     0.0009   3.79
100  1.3306 I  1286.5  1093.3   8.0  13.0  23.0    17.9449      8.5505     0.0009   4.16
101  1.3443 I  1286.0  1093.6   8.0  13.0  23.0    17.9475      8.5497     0.0009   3.82
102  1.3579 I  1286.6  1094.5   8.0  13.0  23.0    17.9561      8.5344     0.0009   3.65
103  1.3716 I  1286.2  1093.2   8.0  13.0  23.0    17.9598      8.5500     0.0009   4.02
104  1.3852 I  1286.3  1093.5   8.0  13.0  23.0    17.9462      8.5506     0.0009   3.79
105  1.3989 I  1286.4  1093.5   8.0  13.0  23.0    17.9683      8.5516     0.0009   3.82
106  1.4125 I  1286.4  1093.3   8.0  13.0  23.0    17.9426      8.5537     0.0009   3.96
107  1.4297 I  1285.8  1093.4   8.0  13.0  23.0    17.9462      8.5564     0.0009   3.52
108  1.4433 I  1286.5  1094.3   8.0  13.0  23.0    17.9516      8.5459     0.0009   3.86
109  1.4570 I  1286.3  1092.9   8.0  13.0  23.0    17.9321      8.5590     0.0009   3.72
110  1.4706 I  1286.3  1093.6   8.0  13.0  23.0    17.9502      8.5571     0.0009   3.72
111  1.4843 I  1287.3  1094.1   8.0  13.0  23.0    17.9416      8.5529     0.0009   3.72
112  1.4979 I  1286.3  1093.5   8.0  13.0  23.0    17.9422      8.5586     0.0009   4.09
113  1.5116 I  1286.6  1093.8   8.0  13.0  23.0    17.9559      8.5526     0.0009   3.59
114  1.5253 I  1286.6  1092.4   8.0  13.0  23.0    17.9242      8.5537     0.0009   4.19
115  1.5390 I  1286.6  1093.9   8.0  13.0  23.0    17.9423      8.5554     0.0009   4.16
116  1.5526 I  1285.8  1093.7   8.0  13.0  23.0    17.9377      8.5492     0.0009   3.59
117  1.5684 I  1286.2  1092.8   8.0  13.0  23.0    17.9322      8.5617     0.0009   3.99
118  1.5820 I  1286.6  1093.7   8.0  13.0  23.0    17.9558      8.5598     0.0009   3.65
119  1.5956 I  1286.9  1094.0   8.0  13.0  23.0    17.9307      8.5468     0.0009   3.92
120  1.6093 I  1286.6  1092.9   8.0  13.0  23.0    17.9444      8.5581     0.0009   3.72
121  1.6230 I  1286.1  1094.5   8.0  13.0  23.0    17.9425      8.5323     0.0009   4.19
122  1.6367 I  1286.9  1093.4   8.0  13.0  23.0    17.9437      8.5589     0.0009   3.52
123  1.6504 I  1285.7  1092.9   8.0  13.0  23.0    17.9557      8.5657     0.0009   3.52
124  1.6640 I  1286.4  1093.4   8.0  13.0  23.0    17.9617      8.5586     0.0009   3.96
125  1.6777 I  1286.1  1093.5   8.0  13.0  23.0    17.9560      8.5632     0.0009   3.65
126  1.6914 I  1286.6  1093.3   8.0  13.0  23.0    17.9551      8.5539     0.0009   3.99
