 
img   UT         x        y      r  insky outsky     sky         mag         err    fwhm
 
  0 -0.7965 I  1274.2   505.9   6.8  11.8  21.8    18.0283     10.1229     0.0021   3.74
  1 -0.7726 I  1275.2   511.2   6.8  11.8  21.8    18.0315     10.1080     0.0020   3.41
  2 -0.7471 I  1275.1   511.4   6.8  11.8  21.8    18.0453     10.0692     0.0020   3.41
  3 -0.7334 I  1274.8   513.2   6.8  11.8  21.8    18.0302     10.0407     0.0020   3.51
  4 -0.7194 I  1274.9   516.7   6.8  11.8  21.8    18.0459     10.0906     0.0020   3.41
  5 -0.2495 I  1275.0   510.8   6.8  11.8  21.8    18.0633     10.0843     0.0020   3.37
  6 -0.2358 I  1275.5   510.4   6.8  11.8  21.8    18.0675     10.0792     0.0020   3.17
  7 -0.2222 I  1275.4   510.6   6.8  11.8  21.8    18.0561     10.0812     0.0020   3.10
  8 -0.2085 I  1275.0   510.2   6.8  11.8  21.8    18.0518     10.0842     0.0020   3.51
  9 -0.1949 I  1275.3   510.3   6.8  11.8  21.8    18.0633     10.0889     0.0020   3.51
 10 -0.1813 I  1275.3   511.0   6.8  11.8  21.8    18.0529     10.0765     0.0020   3.24
 11 -0.1677 I  1275.5   509.8   6.8  11.8  21.8    18.0544     10.0809     0.0020   3.44
 12 -0.1538 I  1274.9   510.3   6.8  11.8  21.8    18.0512     10.0939     0.0020   3.67
 13 -0.1402 I  1275.0   509.9   6.8  11.8  21.8    18.0560     10.1008     0.0020   3.61
 14 -0.1266 I  1275.9   510.1   6.8  11.8  21.8    18.0614     10.0852     0.0020   3.34
 15 -0.1122 I  1275.1   511.8   6.8  11.8  21.8    18.0444     10.0693     0.0020   3.64
 16 -0.0985 I  1275.7   510.3   6.8  11.8  21.8    18.0644     10.0862     0.0020   3.44
 17 -0.0848 I  1275.2   510.5   6.8  11.8  21.8    18.0558     10.0835     0.0020   3.61
 18 -0.0713 I  1275.2   509.9   6.8  11.8  21.8    18.0514     10.0919     0.0020   3.34
 19 -0.0578 I  1274.5   510.4   6.8  11.8  21.8    18.0514     10.0965     0.0020   3.37
 20 -0.0442 I  1275.4   511.1   6.8  11.8  21.8    18.0493     10.0734     0.0020   3.67
 21 -0.0305 I  1275.4   510.1   6.8  11.8  21.8    18.0568     10.0842     0.0020   3.94
 22 -0.0169 I  1275.0   510.3   6.8  11.8  21.8    18.0536     10.0897     0.0020   3.51
 23 -0.0033 I  1275.3   510.2   6.8  11.8  21.8    18.0652     10.0986     0.0020   3.67
 24  0.0103 I  1275.2   510.5   6.8  11.8  21.8    18.0602     10.0841     0.0020   3.37
 25  0.0242 I  1275.7   510.7   6.8  11.8  21.8    18.0551     10.0841     0.0020   3.61
 26  0.0379 I  1275.0   510.5   6.8  11.8  21.8    18.0522     10.0826     0.0020   3.51
 27  0.0515 I  1274.7   510.3   6.8  11.8  21.8    18.0454     10.0883     0.0020   3.84
 28  0.0652 I  1275.3   510.1   6.8  11.8  21.8    18.0696     10.0865     0.0020   3.47
 29  0.0788 I  1275.4   510.9   6.8  11.8  21.8    18.0510     10.0842     0.0020   3.57
 30  0.0924 I  1275.5   510.5   6.8  11.8  21.8    18.0337     10.0859     0.0020   3.47
 31  0.1197 I  1274.9   509.8   6.8  11.8  21.8    18.0505     10.0844     0.0020   3.44
 32  0.1334 I  1275.4   510.4   6.8  11.8  21.8    18.0546     10.0949     0.0020   3.47
 33  0.1470 I  1274.7   510.5   6.8  11.8  21.8    18.0473     10.0917     0.0020   3.37
 34  0.1612 I  1275.1   510.7   6.8  11.8  21.8    17.7037     10.8352     0.0034   3.64
 35  0.1749 I  1275.1   510.4   6.8  11.8  21.8    17.8138     10.5075     0.0027   3.64
 36  0.1885 I  1275.2   510.3   6.8  11.8  21.8    17.9526     10.2936     0.0023   3.71
 37  0.2021 I  1274.5   510.2   6.8  11.8  21.8    18.0171     10.1559     0.0021   3.54
 38  0.2157 I  1275.3   510.2   6.8  11.8  21.8    18.0488     10.1279     0.0021   3.78
 39  0.2294 I  1275.8   510.4   6.8  11.8  21.8    18.0579     10.0907     0.0020   3.67
 40  0.2430 I  1275.5   511.3   6.8  11.8  21.8    17.9959     10.1785     0.0021   3.84
 41  0.2568 I  1274.8   510.3   6.8  11.8  21.8    17.5961     11.2935     0.0047   3.27
 42  0.2704 I  1274.6   510.2   6.8  11.8  21.8    17.7513     10.8807     0.0034   3.44
 43  0.2840 I  1275.4   510.3   6.8  11.8  21.8    18.0142     10.1842     0.0022   3.94
 44  0.2985 I  1275.9   510.3   6.8  11.8  21.8    17.9258     10.2979     0.0023   3.34
 45  0.3121 I  1274.4   510.5   6.8  11.8  21.8    17.6801     10.8524     0.0034   3.34
 46  0.5399 I  1275.3   510.3   6.8  11.8  21.8    18.0298     10.1343     0.0021   3.47
 47  0.5536 I  1274.7   510.8   6.8  11.8  21.8    17.8141     10.6502     0.0029   3.57
 48  0.6076 I  1276.3   510.7   6.8  11.8  21.8    17.7690     10.6819     0.0030   3.51
 49  0.6213 I  1274.8   510.5   6.8  11.8  21.8    18.0367     10.1080     0.0020   3.30
 50  0.6349 I  1275.1   510.2   6.8  11.8  21.8    18.0497     10.0968     0.0020   3.84
 51  0.6486 I  1276.3   510.6   6.8  11.8  21.8    18.0613     10.0760     0.0020   3.67
 52  0.6622 I  1275.4   509.9   6.8  11.8  21.8    18.0754     10.0826     0.0020   3.14
 53  0.6758 I  1275.2   510.6   6.8  11.8  21.8    18.0630     10.0788     0.0020   3.34
 54  0.6895 I  1274.7   510.7   6.8  11.8  21.8    18.0727     10.0717     0.0020   3.30
 55  0.7031 I  1275.0   510.2   6.8  11.8  21.8    18.0708     10.0912     0.0020   3.54
 56  0.7167 I  1275.6   510.1   6.8  11.8  21.8    18.0733     10.0838     0.0020   3.41
 57  0.7306 I  1275.1   510.4   6.8  11.8  21.8    18.0709     10.0862     0.0020   3.51
 58  0.7442 I  1275.3   510.9   6.8  11.8  21.8    18.0623     10.0789     0.0020   3.47
 59  0.7579 I  1275.2   510.9   6.8  11.8  21.8    18.0740     10.0797     0.0020   3.57
 60  0.7715 I  1275.2   510.4   6.8  11.8  21.8    18.0621     10.0924     0.0020   3.94
 61  0.7851 I  1275.1   510.4   6.8  11.8  21.8    18.0705     10.0693     0.0020   3.44
 62  0.7988 I  1275.4   510.8   6.8  11.8  21.8    18.0691     10.0772     0.0020   3.74
 63  0.8125 I  1274.9   510.0   6.8  11.8  21.8    18.0685     10.0846     0.0020   3.44
 64  0.8261 I  1275.5   511.1   6.8  11.8  21.8    18.0719     10.0713     0.0020   3.54
 65  0.8398 I  1274.6   510.5   6.8  11.8  21.8    18.0650     10.0787     0.0020   2.97
 66  0.8534 I  1274.8   510.0   6.8  11.8  21.8    18.0849     10.0810     0.0020   3.27
 67  0.8701 I  1275.0   510.6   6.8  11.8  21.8    18.0709     10.0863     0.0020   3.44
 68  0.8837 I  1274.6   510.7   6.8  11.8  21.8    18.0748     10.0879     0.0020   3.54
 69  0.8974 I  1275.0   510.1   6.8  11.8  21.8    18.0713     10.0842     0.0020   3.44
 70  0.9110 I  1274.9   511.2   6.8  11.8  21.8    18.0633     10.0793     0.0020   3.81
 71  0.9247 I  1275.5   510.6   6.8  11.8  21.8    18.0785     10.0770     0.0020   3.30
 72  0.9383 I  1274.9   510.0   6.8  11.8  21.8    18.0710     10.0799     0.0020   3.20
 73  0.9519 I  1275.3   511.0   6.8  11.8  21.8    18.0702     10.0773     0.0020   3.54
 74  0.9657 I  1274.5   509.7   6.8  11.8  21.8    18.0772     10.0912     0.0020   3.54
 75  0.9794 I  1275.3   510.7   6.8  11.8  21.8    18.0767     10.0825     0.0020   3.51
 76  0.9930 I  1274.9   509.6   6.8  11.8  21.8    18.0744     10.1014     0.0020   3.44
 77  1.0091 I  1275.4   510.4   6.8  11.8  21.8    18.0642     10.0897     0.0020   3.61
 78  1.0227 I  1275.3   511.1   6.8  11.8  21.8    18.0687     10.0787     0.0020   3.61
 79  1.0364 I  1275.6   510.3   6.8  11.8  21.8    18.0798     10.0914     0.0020   3.61
 80  1.0500 I  1275.3   510.0   6.8  11.8  21.8    18.0706     10.0926     0.0020   4.38
 81  1.0637 I  1274.9   510.6   6.8  11.8  21.8    18.0716     10.0738     0.0020   3.44
 82  1.0774 I  1275.5   510.8   6.8  11.8  21.8    18.0775     10.0843     0.0020   3.34
 83  1.0910 I  1275.2   510.5   6.8  11.8  21.8    18.0662     10.0843     0.0020   3.51
 84  1.1046 I  1275.0   510.8   6.8  11.8  21.8    18.0903     10.0801     0.0020   3.24
 85  1.1183 I  1275.5   510.1   6.8  11.8  21.8    18.0856     10.0943     0.0020   3.41
 86  1.1320 I  1275.5   510.4   6.8  11.8  21.8    18.0850     10.0908     0.0020   3.37
 87  1.1472 I  1275.6   510.4   6.8  11.8  21.8    18.0831     10.0904     0.0020   3.27
 88  1.1609 I  1275.1   510.0   6.8  11.8  21.8    18.0790     10.0914     0.0020   3.30
 89  1.1745 I  1275.6   511.4   6.8  11.8  21.8    18.0733     10.0778     0.0020   3.61
 90  1.1882 I  1275.7   510.3   6.8  11.8  21.8    18.0735     10.0833     0.0020   3.71
 91  1.2019 I  1274.8   510.8   6.8  11.8  21.8    18.0813     10.0988     0.0020   3.71
 92  1.2155 I  1275.7   510.7   6.8  11.8  21.8    18.0726     10.0943     0.0020   3.24
 93  1.2291 I  1275.3   510.2   6.8  11.8  21.8    18.0852     10.0863     0.0020   3.41
 94  1.2427 I  1275.6   510.2   6.8  11.8  21.8    18.0813     10.0961     0.0020   3.81
 95  1.2564 I  1275.4   510.2   6.8  11.8  21.8    18.0742     10.1042     0.0020   3.67
 96  1.2700 I  1275.0   510.5   6.8  11.8  21.8    18.0863     10.0830     0.0020   3.51
 97  1.2897 I  1274.6   511.2   6.8  11.8  21.8    18.0653     10.0885     0.0020   3.61
 98  1.3034 I  1275.4   510.4   6.8  11.8  21.8    18.0777     10.0978     0.0020   3.61
 99  1.3170 I  1275.7   510.3   6.8  11.8  21.8    18.0703     10.1024     0.0020   3.78
100  1.3306 I  1275.4   510.3   6.8  11.8  21.8    18.0777     10.0934     0.0020   4.04
101  1.3443 I  1274.8   510.5   6.8  11.8  21.8    18.0748     10.0923     0.0020   3.47
102  1.3579 I  1275.4   511.4   6.8  11.8  21.8    18.0628     10.0826     0.0020   3.71
103  1.3716 I  1275.1   510.2   6.8  11.8  21.8    18.0812     10.0912     0.0020   3.78
104  1.3852 I  1275.0   510.5   6.8  11.8  21.8    18.0637     10.0862     0.0020   3.64
105  1.3989 I  1275.1   510.5   6.8  11.8  21.8    18.0699     10.0882     0.0020   3.54
106  1.4125 I  1275.2   510.2   6.8  11.8  21.8    18.0738     10.0957     0.0020   3.91
107  1.4297 I  1274.7   510.4   6.8  11.8  21.8    18.0684     10.0976     0.0020   3.54
108  1.4433 I  1275.4   511.2   6.8  11.8  21.8    18.0641     10.1024     0.0020   3.78
109  1.4570 I  1275.0   509.9   6.8  11.8  21.8    18.0721     10.0988     0.0020   3.54
110  1.4706 I  1275.1   510.6   6.8  11.8  21.8    18.0619     10.0852     0.0020   3.54
111  1.4843 I  1276.0   511.0   6.8  11.8  21.8    18.0614     10.0802     0.0020   3.44
112  1.4979 I  1275.2   510.4   6.8  11.8  21.8    18.0531     10.0979     0.0020   3.71
113  1.5116 I  1275.5   510.8   6.8  11.8  21.8    18.0546     10.0919     0.0020   3.47
114  1.5253 I  1275.5   509.4   6.8  11.8  21.8    18.0686     10.1269     0.0021   4.45
115  1.5390 I  1275.4   510.8   6.8  11.8  21.8    18.0535     10.1036     0.0020   4.11
116  1.5526 I  1274.6   510.7   6.8  11.8  21.8    18.0610     10.0873     0.0020   3.57
117  1.5684 I  1275.0   509.7   6.8  11.8  21.8    18.0514     10.1110     0.0020   3.74
118  1.5820 I  1275.5   510.6   6.8  11.8  21.8    18.0639     10.0971     0.0020   3.41
119  1.5956 I  1275.7   511.0   6.8  11.8  21.8    18.0603     10.1028     0.0020   3.71
120  1.6093 I  1275.4   509.9   6.8  11.8  21.8    18.0621     10.1049     0.0021   3.47
121  1.6230 I  1274.9   511.5   6.8  11.8  21.8    18.0657     10.0900     0.0020   3.88
122  1.6367 I  1275.7   510.3   6.8  11.8  21.8    18.0620     10.1004     0.0020   3.44
123  1.6504 I  1274.5   509.9   6.8  11.8  21.8    18.0666     10.0984     0.0020   3.37
124  1.6640 I  1275.3   510.4   6.8  11.8  21.8    18.0721     10.1006     0.0020   4.01
125  1.6777 I  1274.9   510.5   6.8  11.8  21.8    18.0701     10.1040     0.0020   3.47
126  1.6914 I  1275.5   510.3   6.8  11.8  21.8    18.0787     10.0929     0.0020   3.78
