-0.772600 -0.953700 0.001848
-0.747100 -0.949600 0.001848
-0.733400 -0.951400 0.001848
-0.719400 -0.950850 0.001848
-0.249500 -0.939500 0.001848
-0.235800 -0.931950 0.001848
-0.222200 -0.934650 0.001848
-0.208500 -0.934050 0.001848
-0.194900 -0.937050 0.001848
-0.181300 -0.932600 0.001848
-0.167700 -0.931200 0.001848
-0.153800 -0.938350 0.001848
-0.140200 -0.932850 0.001848
-0.126600 -0.929050 0.001848
-0.112200 -0.927800 0.001848
-0.098500 -0.923650 0.001848
-0.084800 -0.925200 0.001848
-0.071300 -0.932550 0.001848
-0.057800 -0.935350 0.001848
-0.044200 -0.930650 0.001848
-0.030500 -0.928900 0.001848
-0.016900 -0.932400 0.001848
-0.003300 -0.933300 0.001848
0.010300 -0.922250 0.001848
0.024200 -0.932200 0.001848
0.037900 -0.925250 0.001848
0.051500 -0.930050 0.001848
0.065200 -0.928750 0.001848
0.078800 -0.930950 0.001848
0.092400 -0.924700 0.001848
0.119700 -0.922950 0.001848
0.133400 -0.926800 0.001848
0.147000 -0.922650 0.001848
0.621300 -0.922700 0.001848
0.634900 -0.936250 0.001848
0.648600 -0.924600 0.001848
0.662200 -0.919200 0.001848
0.675800 -0.915250 0.001848
0.689500 -0.924550 0.001848
0.703100 -0.927150 0.001848
0.716700 -0.923200 0.001848
0.730600 -0.927150 0.001848
0.744200 -0.925400 0.001848
0.757900 -0.923700 0.001848
0.771500 -0.931650 0.001848
0.785100 -0.919150 0.001848
0.798800 -0.930200 0.001848
0.812500 -0.925600 0.001848
0.826100 -0.918900 0.001848
0.839800 -0.926350 0.001848
0.853400 -0.924600 0.001848
0.870100 -0.923350 0.001848
0.883700 -0.936300 0.001848
0.897400 -0.928200 0.001848
0.911000 -0.935950 0.001848
0.924700 -0.922650 0.001848
0.938300 -0.923150 0.001848
0.951900 -0.926550 0.001848
0.965700 -0.939350 0.001848
0.979400 -0.935950 0.001848
0.993000 -0.940700 0.001848
1.009100 -0.938500 0.001848
1.022700 -0.934800 0.001848
1.036400 -0.938000 0.001848
1.050000 -0.957400 0.001848
1.063700 -0.934000 0.001848
1.077400 -0.938850 0.001848
1.091000 -0.943450 0.001848
1.104600 -0.939000 0.001848
1.118300 -0.941650 0.001848
1.132000 -0.943000 0.001848
1.147200 -0.946800 0.001848
1.160900 -0.943750 0.001848
1.174500 -0.955300 0.001848
1.188200 -0.947200 0.001848
1.201900 -0.956450 0.001848
1.215500 -0.947000 0.001848
1.229100 -0.942550 0.001848
1.242700 -0.953250 0.001848
1.256400 -0.957300 0.001848
1.270000 -0.951350 0.001848
1.289700 -0.959950 0.001848
1.303400 -0.954450 0.001848
1.317000 -0.965950 0.001848
1.330600 -0.958250 0.001848
1.344300 -0.955500 0.001848
1.357900 -0.958950 0.001848
1.371600 -0.956650 0.001848
1.385200 -0.951900 0.001848
1.398900 -0.951950 0.001848
1.412500 -0.954100 0.001848
1.429700 -0.953100 0.001848
1.443300 -0.958900 0.001848
1.457000 -0.956750 0.001848
1.470600 -0.945450 0.001848
1.484300 -0.944950 0.001848
1.497900 -0.954950 0.001848
1.511600 -0.952150 0.001848
1.525300 -0.978400 0.001903
1.539000 -0.958700 0.001848
1.552600 -0.952050 0.001848
1.568400 -0.959850 0.001848
1.582000 -0.951400 0.001848
1.595600 -0.964000 0.001848
1.609300 -0.958600 0.001903
1.623000 -0.966700 0.001848
1.636700 -0.957900 0.001848
1.650400 -0.947700 0.001848
1.664000 -0.952250 0.001848
1.677700 -0.951650 0.001848
1.691400 -0.953150 0.001848
